2.543098926544189453e+00
2.801943302154541016e+00
4.335932731628417969e+00
4.544954776763916016e+00
4.158308982849121094e+00
4.749982357025146484e+00
4.345709323883056641e+00
4.451414585113525391e+00
5.061017990112304688e+00
5.142188549041748047e+00
5.358631134033203125e+00
5.251155853271484375e+00
4.909170627593994141e+00
5.156204700469970703e+00
5.232596397399902344e+00
5.339423656463623047e+00
5.281432628631591797e+00
5.348647594451904297e+00
5.265127182006835938e+00
4.661568641662597656e+00
