2.388890981674194336e+00
2.720741271972656250e+00
4.593979835510253906e+00
4.853971004486083984e+00
4.103691577911376953e+00
4.907601356506347656e+00
4.690391063690185547e+00
4.511507987976074219e+00
4.622837066650390625e+00
4.923933982849121094e+00
5.358034610748291016e+00
5.359989166259765625e+00
5.019355773925781250e+00
4.966817855834960938e+00
5.350124359130859375e+00
5.402312278747558594e+00
5.402670860290527344e+00
5.416895389556884766e+00
5.395359992980957031e+00
4.697348594665527344e+00
